10
0.000278830281311
11
0.000591872867077
12
0.000229650093656
13
0.000472557455289
14
0.00102722444127
15
0.000129151449319
16
0.000289949280259
17
0.000367782272894
18
0.000758230197491
19
0.00164689480572
20
0.0033288572235
21
0.0055753226648
22
0.000441766381279
23
0.000921593951265
24
0.00190434239674
25
0.00403106477245
26
0.00846925596791
27
0.0176565426756
28
0.035606028208
29
0.073217325111
30
0.0174410051575
31
0.0360944088541
32
0.0746538142443
33
0.0892000307911
34
0.0220699299503
35
0.0457538253633
36
0.0912938238237
37
0.191860037462
38
0.394165946783
39
0.813189698675
40
1.66085299828
41
3.40805443178
42
6.88000162508
43
13.7717325111
44
3.70773198081
45
7.54385204889
46
15.5409414371
47
31.7921696588
48
64.9223145479
49
4.1587254206
50
1.07151013112
